              0              -1       -1.92378        2.85551        7.95916        7.95916        10.5304        13.8187        13.8187        17.4451        20.4318        20.4712        20.4712        21.7467        21.9411        21.9411        29.1235        29.4679
           0.02              -1       -1.93382        2.87444        7.96137        7.96137        10.5342        13.8221        13.8221        17.4511        20.2591        20.3492        20.3492        21.9269        22.0767        22.0767        28.4813        30.1205
           0.04              -1       -1.96158        2.92943        7.96884        7.96884        10.5457        13.8325        13.8325        17.4688        19.9053        20.0778        20.0778        22.3059        22.3906        22.3906        27.7946        30.8036
           0.06              -1       -2.00567        3.01904        7.98154        7.98154        10.5651        13.8495        13.8495        17.4972        19.4957        19.7503        19.7503        22.7574        22.7897        22.7897        27.1213        30.2163
           0.08              -1       -2.06405        3.14116         7.9994         7.9994        10.5922        13.8725        13.8725        17.5336        19.0745        19.4084        19.4084        23.2326        23.2326        23.2355        26.4695        29.6393
            0.1              -1       -2.13428        3.29323        8.02233        8.02233        10.6268        13.9004        13.9004        17.5705        18.6627        19.0695        19.0695        23.7023        23.7023        23.7113        25.8553        29.0752
           0.12              -1       -2.21376        3.47254        8.05019        8.05019        10.6687         13.932         13.932        17.5814        18.2921        18.7421        18.7421        24.1126        24.1905        24.1905        25.3467        28.5262
           0.14              -1       -2.29996        3.67638        8.08281        8.08281        10.7177        13.9654        13.9654        17.4727        18.0587        18.4316        18.4316         24.133        24.6911        24.6911        25.2482        27.9954
           0.16              -1       -2.39054         3.9022           8.12           8.12        10.7734        13.9983        13.9983        17.1769        18.0306        18.1421        18.1421        23.7006        25.1946        25.1946        25.6314        27.4908
           0.18              -1        -2.4834        4.14765         8.1615         8.1615        10.8351        14.0279        14.0279        16.8038        17.8778        17.8778        18.0979        23.1632        25.6715        25.6715        26.1488        27.0412
            0.2              -1       -2.57673        4.41061        8.20697        8.20697         10.902        14.0508        14.0508        16.4145        17.6426        17.6426        18.1988        22.6175         25.956         25.956        26.7028         26.812
           0.22              -1       -2.66898        4.68918        8.25604        8.25604        10.9732        14.0632        14.0632        16.0253        17.4409        17.4409        18.3152        22.0865        25.7486        25.7486        27.1029        27.1029
           0.24              -1       -2.75883         4.9816        8.30823        8.30823        11.0469        14.0614        14.0614        15.6422        17.2765        17.2765        18.4374        21.5818        25.3457        25.3457        27.6178        27.6178
           0.26              -1       -2.84518        5.28628          8.363          8.363        11.1209        14.0423        14.0423        15.2687        17.1525        17.1525        18.5545        21.1158        24.9174        24.9174        27.6791        28.1869
           0.28              -1       -2.92713        5.60168        8.41967        8.41967        11.1919        14.0044        14.0044        14.9084        17.0705        17.0705        18.6483        20.7085        24.4941        24.4941        27.2227        28.7808
            0.3              -1       -3.00392         5.9263        8.47746        8.47746         11.255        13.9481        13.9481        14.5656        17.0296        17.0296        18.6855        20.3947        24.0844        24.0844        26.7371        29.3919
           0.32              -1        -3.0749        6.25859        8.53547        8.53547        11.3034         13.876         13.876        14.2466        17.0266        17.0266        18.6219        20.2204        23.6926        23.6926        26.2573        30.0172
           0.34              -1       -3.13957        6.59685        8.59266        8.59266        11.3271        13.7927        13.7927        13.9601        17.0563        17.0563        18.4431        20.2018        23.3221        23.3221        25.7898        30.6553
           0.36              -1        -3.1975        6.93912        8.64786        8.64786        11.3138        13.7033        13.7033        13.7172        17.1119        17.1119         18.189        20.3015        22.9759        22.9759        25.3375        31.3052
           0.38              -1       -3.24832        7.28294        8.69977        8.69977        11.2511        13.5289        13.6133        13.6133        17.1859        17.1859        17.9091        20.4721         22.658         22.658        24.9023        31.9662
            0.4              -1       -3.29176        7.62493        8.74703        8.74703        11.1318        13.4012        13.5279        13.5279        17.2705        17.2705        17.6361        20.6834        22.3726        22.3726         24.487        32.6371
           0.42              -1        -3.3276        7.95992        8.78822        8.78822          10.96        13.3296        13.4516        13.4516        17.3571        17.3571        17.3896        20.9171        22.1254        22.1254        24.0956        33.3165
           0.44              -1       -3.35564        8.27904        8.82199        8.82199        10.7523           13.3        13.3882        13.3882         17.183        17.4374        17.4374        21.1586        21.9225        21.9225        23.7357        34.0011
           0.46              -1       -3.37576        8.56498        8.84712        8.84712        10.5368         13.295        13.3407        13.3407        17.0267        17.5027        17.5027        21.3884        21.7707        21.7707        23.4231        34.6831
           0.48              -1       -3.38787        8.78189        8.86261        8.86261        10.3584        13.2989        13.3114        13.3114        16.9291        17.5455        17.5455        21.5705        21.6764        21.6764         23.192        35.3319
            0.5              -1       -3.39192        8.86785        8.86785        8.86785        10.2846        13.3014        13.3014        13.3014        16.8959        17.5604        17.5604        21.6444        21.6444        21.6444        23.1019        35.7284
            0.5               1       -3.39192        8.86785        8.86785        8.86785        10.2846        13.3014        13.3014        13.3014        16.8959        17.5604        17.5604        21.6444        21.6444        21.6444        23.1019        35.7284
           0.52               1       -3.39057        8.84293        8.86366        8.86366        10.3104         13.294         13.308         13.308         16.907        17.5486        17.5623        21.6339        21.6474        21.6474        23.1331         35.597
           0.54               1       -3.38653        8.77299        8.85116        8.85116         10.383        13.2718        13.3278        13.3278        16.9399        17.5135        17.5677        21.6058        21.6564        21.6564        23.2233        35.3202
           0.56               1       -3.37979        8.66886        8.83059        8.83059        10.4913        13.2358        13.3603        13.3603        16.9935        17.4566        17.5769        21.5676        21.6715        21.6715        23.3636        35.0006
           0.58               1       -3.37037        8.54139        8.80236        8.80236        10.6245        13.1873        13.4054        13.4054        17.0651        17.3811        17.5896        21.5275        21.6927        21.6927        23.5444        34.6679
            0.6               1       -3.35828        8.39872        8.76696        8.76696        10.7743        13.1277        13.4624        13.4624        17.1439        17.2984         17.606        21.4913        21.7199        21.7199        23.7577        34.3313
           0.62               1       -3.34352         8.2463          8.725          8.725        10.9348        13.0588        13.5308        13.5308        17.1357        17.3039        17.6261         21.463        21.7531        21.7531        23.9973        33.9943
           0.64               1       -3.32611        8.08763        8.67712        8.67712        11.1022        12.9821        13.6098        13.6098        17.0232        17.4158        17.6498        21.4445        21.7924        21.7924        24.2586        33.6584
           0.66               1       -3.30606          7.925        8.62402        8.62402        11.2738        12.8995        13.6988        13.6988        16.8899        17.5524        17.6771        21.4368        21.8377        21.8377        24.5384        33.3247
           0.68               1        -3.2834        7.75992        8.56639        8.56639        11.4472        12.8123         13.797         13.797        16.7471        17.7033        17.7081        21.4399        21.8891        21.8891         24.834        32.9936
            0.7               1       -3.25815        7.59343        8.50489        8.50489        11.6206        12.7222        13.9038        13.9038        16.5993        17.7427        17.8662        21.4536        21.9466        21.9466        25.1435        32.6654
           0.72               1       -3.23032        7.42622        8.44017        8.44017        11.7917        12.6307        14.0185        14.0185        16.4496        17.7809        18.0395        21.4776        22.0101        22.0101        25.4655        32.3402
           0.74               1       -3.19996        7.25883        8.37284        8.37284        11.9571        12.5405        14.1405        14.1405         16.301        17.8227        18.2221        21.5114        22.0797        22.0797        25.7986        32.0183
           0.76               1        -3.1671        7.09164        8.30345        8.30345        12.1087        12.4586        14.2691        14.2691        16.1568        17.8682        18.4132        21.5544        22.1553        22.1553        26.1418        31.6997
           0.78               1       -3.13176        6.92493        8.23252        8.23252        12.2099        12.4199        14.4039        14.4039        16.0201        17.9172         18.612        21.6063         22.237         22.237        26.4944        31.3814
            0.8               1         -3.094        6.75893        8.16051        8.16051        12.1887        12.4945        14.5442        14.5442        15.8946        17.9699        18.8179        21.6667        22.3247        22.3247        26.8555        31.0589
           0.82               1       -3.05385        6.59382        8.08785        8.08785        12.1111        12.6132        14.6898        14.6898        15.7843        18.0262        19.0304        21.7352        22.4184        22.4184        27.2245        30.7399
           0.84               1       -3.01137        6.42974        8.01492        8.01492        12.0232        12.7266        14.8401        14.8401         15.694         18.086         19.249        21.8116        22.5181        22.5181        27.6008        30.4242
           0.86               1       -2.96661        6.26684        7.94206        7.94206        11.9336        12.8223        14.9948        14.9948        15.6282        18.1495        19.4734        21.8957        22.6236        22.6236        27.9837        30.1122
           0.88               1       -2.91963        6.10523        7.86957        7.86957        11.8444        12.8941        15.1536        15.1536        15.5917        18.2165        19.7032        21.9872         22.735         22.735         28.372        29.8038
            0.9               1       -2.87049          5.945        7.79773        7.79773        11.7568        12.9382        15.3161        15.3161        15.5879         18.287        19.9381        22.0861         22.852         22.852        28.7633        29.4992
           0.92               1       -2.81928        5.78627        7.72678        7.72678        11.6711        12.9532        15.4821        15.4821        15.6185        18.3611        20.1778        22.1923        22.9746        22.9746        29.1452        29.1986
           0.94               1       -2.76608        5.62914        7.65694        7.65694        11.5877        12.9398        15.6513        15.6513        15.6825        18.4387        20.4219        22.3057        23.1024        23.1024        28.9023        28.9023
           0.96               1       -2.71097         5.4737         7.5884         7.5884         11.507        12.9012        15.7771        15.8235        15.8235        18.5198        20.6702        22.4264        23.2354        23.2354        28.6104        28.6104
           0.98               1       -2.65406        5.32007        7.52134        7.52134        11.4291        12.8417        15.8982        15.9986        15.9986        18.6044        20.9224        22.5542        23.3729        23.3729        28.3235        28.3235
              1               1       -2.59545        5.16836        7.45592        7.45592        11.3542        12.7657        16.0411        16.1762        16.1762        18.6924        21.1782        22.6894        23.5146        23.5146        28.0421        28.0421
           1.02               1       -2.53527        5.01871        7.39228        7.39228        11.2823        12.6777        16.2019        16.3564        16.3564        18.7839         21.437        22.8319        23.6595        23.6595        27.7669        27.7669
           1.04               1       -2.47365        4.87123        7.33054        7.33054        11.2137        12.5812        16.3769        16.5388        16.5388        18.8787        21.6985        22.9819        23.8066        23.8066        27.4991        27.4991
           1.06               1       -2.41074         4.7261        7.27082        7.27082        11.1485        12.4792        16.5633        16.7235        16.7235        18.9769         21.962        23.1395        23.9541        23.9541        27.2404        27.2404
           1.08               1       -2.34671        4.58346        7.21321        7.21321        11.0867        12.3739        16.7587        16.9103        16.9103        19.0784        22.2268        23.3049        24.0992        24.0992        26.9935        26.9935
            1.1               1       -2.28175        4.44352        7.15781        7.15781        11.0284        12.2673        16.9615        17.0991        17.0991        19.1831        22.4917        23.4785        24.2379        24.2379        26.7625        26.7625
           1.12               1       -2.21605        4.30648        7.10471        7.10471        10.9737        12.1606        17.1702        17.2898        17.2898         19.291        22.7552        23.6606         24.363         24.363        26.5542        26.5542
           1.14               1       -2.14986        4.17255        7.05397        7.05397        10.9227        12.0551        17.3837        17.4823        17.4823        19.4019         23.015        23.8514         24.464         24.464        26.3413        26.3794
           1.16               1       -2.08341        4.04202        7.00566        7.00566        10.8754        11.9515        17.6012        17.6766        17.6766        19.5158         23.268        24.0512        24.5254        24.5254        26.0989        26.2533
           1.18               1       -2.01699        3.91514        6.95985        6.95985        10.8318        11.8505        17.8221        17.8726        17.8726        19.6326         23.509        24.2598        24.5306        24.5306         25.861        26.1095
            1.2               1       -1.95091        3.79226        6.91659        6.91659        10.7921        11.7527        18.0458        18.0703        18.0703        19.7521        23.7295        24.4712        24.4712        24.4757        25.6277         25.905
           1.22               1       -1.88552         3.6737        6.87592        6.87592        10.7562        11.6585        18.2696        18.2696        18.2718        19.8741        23.9151        24.3538        24.3538        24.6947        25.3992        25.7451
           1.24               1        -1.8212        3.55986        6.83789        6.83789        10.7242        11.5683        18.4704        18.4704        18.4998        19.9984        24.0415        24.1938        24.1938        24.9083        25.1758        25.6624
           1.26               1       -1.75836        3.45117        6.80254        6.80254        10.6961        11.4824        18.6729        18.6729        18.7296        20.1247        24.0062        24.0062        24.0797        24.9578        25.1075        25.6947
           1.28               1       -1.69746        3.34809        6.76991        6.76991        10.6719         11.401        18.8768        18.8768         18.961        20.2525        23.8016        23.8016        24.0203        24.7456        25.2984        25.8449
            1.3               1         -1.639        3.25111        6.74003        6.74003        10.6515        11.3244        19.0821        19.0821        19.1936        20.3813        23.5869        23.5869        23.8852        24.5396        25.4989        26.0727
           1.32               1       -1.58349        3.16078        6.71292        6.71292        10.6348        11.2528        19.2888        19.2888        19.4275        20.5105        23.3663        23.3663         23.704        24.3407        25.7153        26.3414
           1.34               1       -1.53152        3.07766        6.68861        6.68861        10.6219        11.1865        19.4967        19.4967        19.6624         20.639        23.1427        23.1427        23.4971        24.1497        25.9454        26.6322
           1.36               1       -1.48364        3.00235        6.66712        6.66712        10.6125        11.1258        19.7057        19.7057        19.8982        20.7657        22.9177        22.9177        23.2758         23.968        26.1853        26.9363
           1.38               1       -1.44047        2.93543        6.64847        6.64847        10.6064        11.0709        19.9156        19.9156        20.1349        20.8887        22.6929        22.6929        23.0462        23.7973        26.4318        27.2485
            1.4               1       -1.40257         2.8775        6.63267        6.63267        10.6033        11.0223        20.1258        20.1258        20.3724        21.0056        22.4695        22.4695         22.812        23.6401        26.6821        27.5647
           1.42               1       -1.37051        2.82913        6.61975        6.61975        10.6026        10.9806        20.3354        20.3354        20.6106        21.1129        22.2488        22.2488        22.5751        23.4998        26.9325        27.8799
           1.44               1       -1.34479        2.79083         6.6097         6.6097        10.6036        10.9466        20.5425        20.5425        20.8494        21.2062        22.0333        22.0333        22.3369        23.3809        27.1771         28.184
           1.46               1       -1.32586        2.76303        6.60255        6.60255        10.6054        10.9212        20.7421        20.7421        21.0883        21.2797         21.828         21.828        22.0984        23.2891        27.4047        28.4508
           1.48               1       -1.31403        2.74607        6.59828        6.59828        10.6071        10.9054        20.9188        20.9188         21.326        21.3275        21.6486        21.6486        21.8616        23.2305        27.5916        28.6171
            1.5               1       -1.30952        2.74016        6.59691        6.59691        10.6077        10.9001        21.0176        21.0176        21.3444        21.5345        21.5503        21.5503        21.6545          23.21        27.6926        28.6564
            1.5              -1       -1.30278        2.74497        6.60661        6.61685        10.6101        10.9161        21.0519        21.0687        21.4348        21.5359        21.6232        21.6246        21.7372        23.3143        27.6804        28.6742
           1.52              -1       -1.30308        2.74606        6.58616        6.61827        10.6259        10.9358         20.865        20.9215        21.2215        21.2258        21.8603        21.8974        22.0166        23.3733         27.613        28.5502
           1.54              -1       -1.30293        2.75025        6.53309         6.6247        10.6635        10.9971        20.5699        20.6901        20.9057        21.0307        22.1676        22.1981        22.3306        23.5023         27.464        28.3987
           1.56              -1       -1.30246        2.75747         6.4522        6.63612        10.7079        11.1105         20.258        20.4186        20.5939        20.8293        22.4952         22.503        22.6497        23.6825        27.2498        28.2485
           1.58              -1       -1.30187        2.76758        6.34998        6.65249        10.7502        11.2785        19.9441        20.1364        20.2868        20.6115        22.8091        22.8292        22.9708        23.8971        26.9965        28.0692
            1.6              -1       -1.30143        2.78043        6.23333        6.67374        10.7906        11.4943        19.6326        19.8528         19.985        20.3808        23.1146        23.1636         23.293        24.1343        26.7251        27.8445
           1.62              -1        -1.3015         2.7958        6.10878        6.69982        10.8319         11.749        19.3256        19.5715        19.6887        20.1422        23.4184        23.4934        23.6153        24.3861        26.4498        27.5854
           1.64              -1       -1.30249        2.81347        5.98205        6.73064         10.876        12.0353        19.0241        19.2939        19.3984        19.8997        23.7193        23.8125        23.9364         24.647        26.1811        27.3083
           1.66              -1        -1.3049        2.83321        5.85801         6.7661         10.924        12.3474        18.7289        19.0211        19.1144        19.6561        24.0164         24.111        24.2539        24.9133        25.9313        27.0247
           1.68              -1       -1.30927        2.85482         5.7407        6.80608        10.9765        12.6811        18.4406        18.7536        18.8373        19.4134        24.3091        24.3668        24.5637        25.1821        25.7239        26.7424
            1.7              -1       -1.31621        2.87815        5.63344        6.85046        11.0337        13.0326          18.16        18.4918        18.5673        19.1733         24.527        24.5965        24.8623        25.4514        25.6081        26.4701
           1.72              -1       -1.32632        2.90316        5.53891        6.89907        11.0956        13.3989        17.8878        18.2361        18.3052         18.937        24.5262        24.8784        25.1458        25.6306        25.7193        26.2296
           1.74              -1       -1.34025        2.92996        5.45922        6.95176        11.1623        13.7766        17.6251        17.9866        18.0517        18.7054        24.3879        25.1546        25.3873        25.6988        25.9843        26.1151
           1.75              -1       -1.34883        2.94411        5.42543        6.97956        11.1974        13.9686        17.4979        17.8643        17.9286        18.5917        24.2912        25.2904        25.4393        25.7274        26.1155        26.1559
           1.75               1       -1.34883        2.94411        5.42543        6.97956        11.1974        13.9686        17.4979        17.8643        17.9286        18.5917        24.2912        25.2904        25.4393        25.7274        26.1155        26.1559
           1.77               1       -1.36961        2.97419        5.37072        7.03798        11.2708        14.3554        17.2532        17.6247        17.6907        18.3687        24.0732        25.3039        25.5579        25.9197        26.3564        26.3744
           1.79               1       -1.39563         3.0072         5.3337        7.09994        11.3484        14.7391        17.0253        17.3917        17.4668        18.1524        23.8405        25.0654          25.82        26.1657        26.6017        26.6285
           1.81               1       -1.42732        3.04396        5.31466         7.1652        11.4298        15.1033        16.8223        17.1654        17.2648        17.9434        23.6037        24.8093        26.0769        26.4038        26.8444        26.8775
           1.83               1       -1.46499        3.08548         5.3134        7.23348        11.5145        15.4114        16.6579        16.9459        17.1073        17.7423        23.3672          24.55        26.3293        26.6046        27.0531        27.1215
           1.85               1       -1.50879        3.13285        5.32938        7.30448         11.602         15.594        16.5339        16.7332        17.0616        17.5497        23.1332        24.2911        26.5776        26.6662        27.1815        27.3609
           1.87               1       -1.55873        3.18718        5.36177        7.37787        11.6917        15.6067        16.4055        16.5273        17.2173        17.3663        22.9026         24.034        26.4044        26.8225        27.3031        27.5963
           1.89               1       -1.61463        3.24951        5.40957        7.45329        11.7826        15.5039        16.2524        16.3281        17.1926          17.54        22.6757        23.7788        25.9511        27.0646        27.4691        27.8284
           1.91               1       -1.67619        3.32077        5.47167        7.53037        11.8739        15.3521        16.0909        16.1356        17.0293        17.9473        22.4521         23.525         25.452        27.3041        27.6236         28.058
           1.93               1       -1.74293         3.4017        5.54693        7.60869        11.9643        15.1828        15.9322        15.9497         16.877        18.3962         22.231         23.272        24.9498        27.5416        27.7152         28.286
           1.95               1        -1.8143        3.49284        5.63423        7.68782        12.0525        15.0091        15.7703        15.7818        16.7363        18.8681        22.0103        23.0185         24.461         27.672        27.7769        28.5131
           1.97               1       -1.88965        3.59457        5.73248        7.76731        12.1367        14.8366        15.5972        15.6428         16.608        19.3533        21.7872        22.7632        23.9967        27.4511        28.0094        28.7397
           1.99               1       -1.96826        3.70709        5.84066        7.84667         12.215        14.6685        15.4305        15.5174        16.4925        19.8439        21.5568        22.5055        23.5685        27.1065         28.237         28.966
           2.01               1       -2.04941        3.83044        5.95782        7.92541        12.2854        14.5062          15.27        15.4074        16.3904         20.329        21.3124         22.247        23.1911        26.7084        28.4542        29.1906
           2.03               1       -2.13236        3.96456        6.08303        8.00304        12.3456         14.351        15.1157        15.3144        16.3024        20.7777        21.0556        21.9941        22.8866        26.2948        28.6436        29.4067
           2.05               1       -2.21639         4.1093        6.21541        8.07907        12.3933        14.2036        14.9676        15.2396        16.2289         20.722        21.1943        21.7581        22.7027        25.8837        28.7453        29.5658
           2.07               1       -2.30082        4.26444        6.35414          8.153        12.4266        14.0645        14.8255        15.1834        16.1704        20.3925        21.3825        21.5522        22.7403        25.4856        28.6205        29.5991
           2.09               1       -2.38498        4.42971        6.49835        8.22438         12.444        13.9342        14.6895        15.1454        16.1272        20.0341        21.3212        21.3892        23.0369        25.1101        28.2751        29.7319
           2.11               1       -2.46828         4.6048        6.64722        8.29277        12.4448         13.813        14.5596        15.1236        16.0995        19.6623         21.173        21.2057        23.4639        24.7759        27.8487        29.9404
           2.13               1       -2.55015        4.78941        6.79987        8.35778        12.4292        13.7014        14.4358        15.1144        16.0877        19.2895        20.9742        21.0424        23.8473         24.573        27.4012        29.6799
           2.15               1       -2.63009        4.98317        6.95539        8.41908        12.3981        13.5995        14.3182        15.1126        16.0916        18.9264        20.7273        20.9229         23.852        24.8052        26.9507        29.2775
           2.17               1       -2.70764        5.18572        7.11283        8.47639        12.3528        13.5077        14.2068        15.1109        16.1113        18.5827         20.466        20.8217        23.6215        25.3178        26.5043        28.8375
           2.19               1       -2.78239         5.3967        7.27115        8.52952         12.295        13.4261        14.1016        15.1001        16.1465        18.2684        20.1946        20.7379        23.3679        25.8939        26.0653        28.3888
           2.21               1       -2.85395        5.61571        7.42926        8.57833        12.2259         13.355        14.0026          15.07        16.1969        17.9934        19.9158        20.6716        23.1269        25.6356        26.4951        27.9413
           2.23               1       -2.92199         5.8423        7.58594        8.62276        12.1468        13.2947        13.9101        15.0107        16.2618         17.767        19.6318        20.6232        22.9055        25.2166        27.1107        27.5003
           2.25               1       -2.98623        6.07601        7.73991        8.66285        12.0581        13.2453        13.8239         14.915        16.3405        17.5954        19.3452        20.5937        22.7055        24.8096        27.0621        27.7431
           2.27               1       -3.04641         6.3163         7.8898        8.69866        11.9598         13.207        13.7442        14.7819        16.4318        17.4792        19.0586        20.5839        22.5264        24.4158        26.6365        28.3821
           2.29               1       -3.10228        6.56256        8.03416        8.73034        11.8513        13.1799        13.6709        14.6171        16.5347        17.4124        18.7751         20.595        22.3674        24.0367        26.2202        29.0309
           2.31               1       -3.15364        6.81403        8.17148        8.75808        11.7314         13.164        13.6042        14.4313        16.6473        17.3847         18.498         20.628        22.2272        23.6737        25.8147        29.6884
           2.33               1       -3.20033        7.06976        8.30022        8.78209        11.5987        13.1587         13.544        14.2369        16.7676        17.3842        18.2308        20.6837        22.1045        23.3289        25.4211        30.3538
           2.35               1       -3.24219        7.32855        8.41888        8.80261        11.4517        13.1634        13.4904        14.0457        16.8931           17.4        17.9776        20.7622        21.9983        23.0045        25.0409        31.0265
           2.37               1       -3.27909        7.58871        8.52602        8.81989        11.2898        13.1769        13.4435         13.867        17.0206        17.4219        17.7442        20.8631        21.9074        22.7036        24.6756        31.7056
           2.39               1       -3.31091        7.84782        8.62032        8.83417        11.1137        13.1972        13.4032        13.7081        17.1462        17.4264        17.5523        20.9845         21.831        22.4299        24.3277        32.3898
           2.41               1       -3.33757        8.10214        8.70062        8.84568        10.9263        13.2219        13.3696        13.5733        17.2651        17.3079        17.5079        21.1231        21.7684        22.1879         24.001        33.0772
           2.43               1       -3.35898        8.34551        8.76597        8.85463        10.7342         13.248        13.3427        13.4653        17.1554        17.3717         17.524        21.2727         21.719        21.9831        23.7015        33.7641
           2.45               1       -3.37509        8.56707         8.8156        8.86118        10.5493        13.2718        13.3225        13.3846        17.0316        17.4598         17.541        21.4225        21.6823        21.8215        23.4398        34.4425
           2.47               1       -3.38585        8.74712        8.84898        8.86547        10.3926        13.2902         13.309        13.3313        16.9455        17.5231        17.5533         21.553         21.658        21.7093         23.235        35.0908
           2.49               1       -3.39124        8.85347        8.86575        8.86759        10.2976        13.3001        13.3023        13.3047        16.9014        17.5562        17.5596        21.6333        21.6459        21.6516        23.1175        35.6233
            2.5               1       -3.39192        8.86785        8.86785        8.86785        10.2846        13.3014        13.3014        13.3014        16.8959        17.5604        17.5604        21.6444        21.6444        21.6444        23.1019        35.7284
