              0              -1       0.235627        3.11232        9.23776        9.23776        12.3606        14.4729        14.4729        18.4534        21.9788        21.9788        23.2341        23.3176        23.3176        25.5125        31.7553        31.9218
           0.02              -1       0.209766        3.14828        9.24031        9.24031        12.3641        14.4769        14.4769        18.4612        21.8191        21.8191        23.1023        23.4918        23.4918        25.6537        30.9752        32.7099
           0.04              -1       0.141774        3.24783        9.24925        9.24925        12.3751        14.4899        14.4899        18.4848        21.4867        21.4867        22.8108        23.8681        23.8681        25.9746        30.1904        32.8417
           0.06              -1       0.039619        3.40296        9.26457        9.26457        12.3938        14.5115        14.5115        18.5239         21.102         21.102        22.4369        24.3263        24.3263        26.3976        29.4183        32.2046
           0.08              -1     -0.0872095        3.60411        9.28621        9.28621        12.4201        14.5411        14.5411        18.5785        20.7077        20.7077        22.0256        24.8243        24.8243        26.8749        28.6624        31.5771
            0.1              -1      -0.230023        3.84248        9.31413        9.31413         12.454        14.5776        14.5776        18.6482        20.3192        20.3192        21.5983        25.3469        25.3469         27.362        27.9462        30.9624
           0.12              -1      -0.381866        4.11096        9.34827        9.34827        12.4955        14.6196        14.6196        18.7328         19.944         19.944        21.1656        25.8875        25.8875        27.1373        27.9814        30.3626
           0.14              -1      -0.537524        4.40415         9.3885         9.3885        12.5446        14.6653        14.6653        18.8316        19.5865        19.5865        20.7327        26.4386         26.441         26.441        28.5252        29.7804
           0.16              -1      -0.693204        4.71803         9.4347         9.4347        12.6011        14.7122        14.7122        18.9439        19.2509        19.2509        20.3026        25.7436        26.9999        26.9999        29.0967        29.2224
           0.18              -1      -0.846163        5.04954        9.48668        9.48668        12.6651        14.7571        14.7571         18.941         18.941         19.068        19.8772        25.0657        27.5346        27.5346        28.7175        28.7175
            0.2              -1      -0.994408        5.39633        9.54421        9.54421        12.7363        14.7959        14.7959        18.6613        18.6613         19.196        19.4636        24.4092        27.7929        27.7929        28.5181        28.5181
           0.22              -1       -1.13648        5.75646        9.60696        9.60696        12.8146         14.824         14.824        18.4168        18.4168        19.0217        19.3655        23.7785        27.4409        27.4409         28.958         28.958
           0.24              -1       -1.27129        6.12825        9.67455        9.67455        12.8997        14.8361        14.8361        18.2126        18.2126        18.6139        19.5099        23.1794        26.9641        26.9641        29.5522        29.5522
           0.26              -1       -1.39802        6.51015        9.74646        9.74646        12.9911        14.8273        14.8273        18.0537        18.0537        18.2048        19.6562        22.6218        26.4829        26.4829        29.6184        30.1809
           0.28              -1       -1.51604        6.90057        9.82203        9.82203        13.0883         14.794         14.794        17.7979        17.9433        17.9433        19.7847        22.1235        26.0137        26.0137        29.0757        30.8281
            0.3              -1       -1.62489        7.29777        9.90045        9.90045        13.1905        14.7352        14.7352        17.3934         17.882         17.882        19.8629        21.7191        25.5621        25.5621        28.5427        31.4896
           0.32              -1       -1.72417        7.69972        9.98069        9.98069        13.2966        14.6531        14.6531         16.991        17.8669        17.8669        19.8365        21.4653        25.1311        25.1311        28.0237        32.1632
           0.34              -1        -1.8136        8.10387        10.0615        10.0615        13.4051        14.5529        14.5529        16.5913        17.8922        17.8922        19.6692        21.4012        24.7237        24.7237        27.5208        32.8478
           0.36              -1       -1.89295        8.50683        10.1412        10.1412         13.514        14.4414        14.4414        16.1959        17.9496        17.9496        19.4002        21.4903        24.3431        24.3431        27.0357         33.542
           0.38              -1       -1.96203        8.90395         10.218         10.218        13.6202         14.326         14.326        15.8082        18.0301        18.0301        19.0964         21.668        23.9934        23.9934        26.5705        34.2442
            0.4              -1       -2.02069         9.2885        10.2897        10.2897        13.7199        14.2139        14.2139        15.4346        18.1239        18.1239         18.801        21.8924        23.6792        23.6792        26.1283        34.9519
           0.42              -1       -2.06883        9.65053        10.3537        10.3537        13.8074        14.1118        14.1118        15.0861         18.221         18.221        18.5375        22.1397        23.4067        23.4067         25.714        35.6611
           0.44              -1       -2.10635        9.97513        10.4074        10.4074        13.8746        14.0256        14.0256        14.7807        18.3114        18.3114        18.3197        22.3917        23.1827        23.1827        25.3372        36.3642
           0.46              -1        -2.1332        10.2406        10.4482        10.4482        13.9108        13.9601        13.9601        14.5457        18.1569        18.3853        18.3853        22.6259        23.0148        23.0148         25.016        37.0437
           0.48              -1       -2.14932        10.4189        10.4736        10.4736        13.9126        13.9192        13.9192        14.4079        18.0562        18.4338        18.4338         22.805        22.9105        22.9105        24.7855        37.6465
            0.5              -1        -2.1547        10.4823        10.4823        10.4823        13.9053        13.9053        13.9053        14.3663        18.0221        18.4507        18.4507        22.8751        22.8751        22.8751        24.6984         37.954
            0.5               1        -2.1547        10.4823        10.4823        10.4823        13.9053        13.9053        13.9053        14.3663        18.0221        18.4507        18.4507        22.8751        22.8751        22.8751        24.6984         37.954
           0.52               1        -2.1529        10.4695        10.4751        10.4751        13.8981        13.9152        13.9152        14.3795        18.0335        18.4373        18.4527        22.8681        22.8782        22.8782        24.7284        37.8215
           0.54               1       -2.14753        10.4316        10.4537        10.4537        13.8767        13.9449        13.9449        14.4185        18.0674        18.3977        18.4588        22.8493        22.8878        22.8878        24.8158        37.5324
           0.56               1       -2.13856        10.3702        10.4188        10.4188        13.8418        13.9934        13.9934        14.4815        18.1232        18.3333        18.4688        22.8236        22.9036        22.9036        24.9546        37.1919
           0.58               1       -2.12602        10.2874        10.3716        10.3716        13.7946        14.0597        14.0597        14.5659        18.1996        18.2465        18.4829        22.7965        22.9258        22.9258        25.1371        36.8344
            0.6               1       -2.10989        10.1857        10.3135        10.3135        13.7363        14.1424        14.1424        14.6685        18.1406        18.2954        18.5011        22.7729        22.9544        22.9544         25.356        36.4711
           0.62               1       -2.09019         10.068         10.246         10.246        13.6686        14.2399        14.2399        14.7858        18.0193        18.4091        18.5232        22.7559        22.9893        22.9893        25.6052        36.1065
           0.64               1       -2.06691        9.93656        10.1707        10.1707        13.5929        14.3506        14.3506        14.9136         17.887        18.5391        18.5494        22.7475        23.0306        23.0306        25.8799        35.7427
           0.66               1       -2.04007        9.79381        10.0889        10.0889        13.5106        14.4732        14.4732        15.0476        17.7486        18.5796        18.6839        22.7486        23.0784        23.0784        26.1764        35.3808
           0.68               1       -2.00965        9.64165        10.0019        10.0019        13.4232        14.6062        14.6062        15.1824        17.6102        18.6138        18.8422        22.7596        23.1325        23.1325        26.4916        35.0214
            0.7               1       -1.97568        9.48177        9.91107        9.91107        13.3318        14.7485        14.7485        15.3113        17.4793        18.6521        19.0128        22.7804        23.1931        23.1931        26.8234         34.665
           0.72               1       -1.93815        9.31553        9.81726        9.81726        13.2377        14.8989        14.8989        15.4253        17.3656        18.6944        19.1946        22.8107        23.2602        23.2602        27.1697        34.3116
           0.74               1       -1.89708        9.14407        9.72141        9.72141        13.1417        15.0566        15.0566        15.5124        17.2816        18.7407        19.3865        22.8503        23.3337        23.3337        27.5291        33.9616
           0.76               1       -1.85247        8.96833        9.62427        9.62427        13.0446        15.2208        15.2208        15.5596         17.241         18.791        19.5877        22.8989        23.4138        23.4138        27.9003        33.6151
           0.78               1       -1.80432        8.78909        9.52649        9.52649        12.9472        15.3907        15.3907        15.5571        17.2543        18.8454        19.7977         22.956        23.5003        23.5003        28.2824        33.2721
            0.8               1       -1.75266        8.60695        9.42862        9.42862          12.85        15.5041        15.5658        15.5658        17.3225        18.9038        20.0156        23.0216        23.5935        23.5935        28.6744        32.9327
           0.82               1       -1.69748        8.42246        9.33113        9.33113        12.7537         15.409        15.7456        15.7456        17.4378        18.9662        20.2409        23.0953        23.6931        23.6931        29.0758         32.597
           0.84               1        -1.6388        8.23602        9.23442        9.23442        12.6587        15.2834        15.9295        15.9295        17.5888        19.0326        20.4733        23.1771        23.7993        23.7993        29.4858        32.2651
           0.86               1       -1.57663        8.04801        9.13882        9.13882        12.5652        15.1376        16.1172        16.1172        17.7653        19.1031        20.7122        23.2668        23.9121        23.9121         29.904        31.9368
           0.88               1       -1.51098        7.85873        9.04464        9.04464        12.4738        14.9794        16.3084        16.3084        17.9599        19.1776        20.9574        23.3644        24.0313        24.0313          30.33        31.6124
            0.9               1       -1.44187        7.66843        8.95213        8.95213        12.3846        14.8139        16.5026        16.5026        18.1675        19.2561        21.2085        23.4699        24.1571        24.1571        30.7633        31.2917
           0.92               1        -1.3693        7.47733        8.86149        8.86149         12.298        14.6448        16.6998        16.6998        18.3846        19.3386        21.4651        23.5833        24.2893        24.2893        30.9748        31.2036
           0.94               1        -1.2933        7.28562        8.77293        8.77293        12.2141        14.4744        16.8995        16.8995        18.6086        19.4252        21.7271        23.7047        24.4278        24.4278        30.6618        31.4048
           0.96               1       -1.21389        7.09348        8.68661        8.68661        12.1331        14.3046        17.1017        17.1017         18.838        19.5157        21.9942        23.8341        24.5725        24.5725        30.3527         31.091
           0.98               1       -1.13107        6.90106        8.60266        8.60266        12.0552        14.1365         17.306         17.306        19.0714        19.6103        22.2661        23.9717        24.7233        24.7233        30.0474        30.7811
              1               1       -1.04486        6.70849        8.52123        8.52123        11.9806        13.9711        17.5124        17.5124        19.3077         19.709        22.5425        24.1176        24.8798        24.8798        29.7459        30.4755
           1.02               1      -0.955291        6.51591        8.44241        8.44241        11.9094        13.8089        17.7206        17.7206        19.5463        19.8116        22.8233        24.2718        25.0417        25.0417        29.4484        30.1746
           1.04               1      -0.862377        6.32344        8.36631        8.36631        11.8417        13.6507        17.9305        17.9305        19.7864        19.9183         23.108        24.4346        25.2085        25.2085        29.1547        29.8789
           1.06               1      -0.766141        6.13119        8.29301        8.29301        11.7777        13.4967        18.1421        18.1421        20.0275        20.0289        23.3964        24.6062        25.3793        25.3793         28.865        29.5894
           1.08               1      -0.666605        5.93927        8.22258        8.22258        11.7173        13.3473        18.3551        18.3551        20.1436        20.2692        23.6881        24.7865         25.553         25.553        28.5792        29.3072
            1.1               1      -0.563794        5.74779        8.15511        8.15511        11.6608        13.2027        18.5695        18.5695        20.2623         20.511        23.9826        24.9758        25.7277        25.7277        28.2972        29.0341
           1.12               1      -0.457732        5.55686        8.09064        8.09064        11.6082        13.0632        18.7852        18.7852        20.3851        20.7526        24.2793        25.1742        25.9004        25.9004        28.0192         28.773
           1.14               1      -0.348449        5.36658        8.02924        8.02924        11.5596        12.9288         19.002         19.002        20.5118        20.9937        24.5773        25.3818        26.0663        26.0663        27.7452         28.529
           1.16               1      -0.235971        5.17705        7.97095        7.97095         11.515        12.7996          19.22          19.22        20.6426        21.2342        24.8755        25.5986        26.2166        26.2166         27.475        28.3103
           1.18               1       -0.12033        4.98837        7.91581        7.91581        11.4745        12.6758         19.439         19.439        20.7774        21.4737        25.1722        25.8247        26.3372        26.3372        27.2088        28.1314
            1.2               1    -0.00155614        4.80064        7.86387        7.86387        11.4383        12.5575        19.6589        19.6589        20.9162        21.7122        25.4651          26.06        26.4064        26.4064        26.9466        28.0136
           1.22               1       0.120316        4.61397        7.81515        7.81515        11.4063        12.4446        19.8797        19.8797         21.059        21.9497        25.7502        26.3046        26.4022        26.4022        26.6883        27.9788
           1.24               1       0.245251        4.42845         7.7697         7.7697        11.3786        12.3371        20.1013        20.1013        21.2058         22.186        26.0216         26.319         26.319        26.4339        26.5583        28.0326
           1.26               1       0.373213        4.24417        7.72754        7.72754        11.3553        12.2351        20.3234        20.3234        21.3566        22.4211        26.1728        26.1728        26.1836        26.2698         26.821        28.1586
           1.28               1       0.504161        4.06124        7.68869        7.68869        11.3364        12.1387        20.5461        20.5461        21.5115        22.6551        25.9371        25.9862        25.9862        26.4799        27.0926         28.334
            1.3               1       0.638056        3.87975        7.65317        7.65317         11.322        12.0477         20.769         20.769        21.6703         22.888        25.6947        25.7763        25.7763        26.6318        27.3728        28.5415
           1.32               1       0.774854        3.69978        7.62101        7.62101        11.3121        11.9621        20.9919        20.9919        21.8332          23.12        25.4562        25.5537        25.5537        26.7058        27.6614          28.77
           1.34               1       0.914509        3.52144        7.59222        7.59222        11.3069         11.882        21.2143        21.2143             22         23.351        25.2216        25.3249        25.3249        26.6958        27.9582        28.9368
           1.36               1        1.05698         3.3448        7.56683        7.56683        11.3062        11.8073        21.4356        21.4356        22.1709        23.5812        24.9911         25.094         25.094        26.6138        28.2627        29.1248
           1.38               1         1.2022        3.16997        7.54483        7.54483        11.3103        11.7379        21.6548        21.6548        22.3458        23.8107        24.7645        24.8643        24.8643        26.4802        28.5745        29.3686
            1.4               1        1.35014        2.99701        7.52624        7.52624        11.3191        11.6739          21.87          21.87        22.5247        24.0395        24.5419        24.6389        24.6389        26.3132         28.893        29.6484
           1.42               1        1.50073        2.82602        7.51108        7.51108        11.3327        11.6151        22.0783        22.0783        22.7075        24.2677        24.3232        24.4216        24.4216        26.1251        29.2174        29.9483
           1.44               1        1.65392        2.65708        7.49934        7.49934        11.3512        11.5616        22.2742        22.2742        22.8944        24.1086        24.2185        24.2185        24.4952        25.9236        29.5464        30.2512
           1.46               1        1.80965        2.49026        7.49105        7.49105        11.3746        11.5133        22.4473        22.4473        23.0853        23.8979        24.0405        24.0405         24.722        25.7137        29.8776        30.4679
           1.48               1        1.96785        2.32564        7.48619        7.48619        11.4029        11.4701        22.5778        22.5778        23.2802        23.6913        23.9074        23.9074        24.9479        25.4982        30.2055        30.6181
            1.5               1        2.12847        2.16329        7.48477        7.48477        11.4321        11.4363        22.6366        22.6366         23.479        23.4886        23.8486        23.8486        25.1724        25.2789         30.514        30.5236
            1.5              -1        2.16273        2.16695        7.50365        7.50899        11.4385        11.4413        22.6565        22.6806        23.5084         23.616        23.8808         23.885        25.2381        25.2449        30.5338        30.5437
           1.52              -1        2.16262        2.16621        7.47917        7.50548        11.4444        11.4826        22.5392        22.5872        23.2458        23.7527        23.7651        24.1486         25.312        25.3585        30.1776        30.5282
           1.54              -1        2.15492        2.17769         7.4038        7.51337        11.4545        11.5983        22.3053        22.4264         22.902        23.5361        23.9867        24.5003        25.4902        25.5891        29.8084         30.475
           1.56              -1        2.14349        2.19715        7.29133        7.52731        11.4716        11.7775        22.0383        22.2026        22.5521        23.2549        24.2582        24.8645        25.7438        25.8743         29.447        30.3584
           1.58              -1        2.12779         2.2246         7.1523        7.54726        11.4956          12.01        21.7601        21.9406        22.2043        22.9518        24.5455        25.2326         26.047         26.181        29.0976        30.1627
            1.6              -1        2.10707        2.26003        6.99705        7.57317        11.5266        12.2862        21.4789        21.6573        21.8607        22.6401        24.8401        25.6015        26.3815        26.4901        28.7658        29.9072
           1.62              -1        2.08042        2.30343        6.83461        7.60497        11.5646        12.5976        21.1986        21.3633        21.5223        22.3264        25.1379        25.9692        26.7339        26.7824        28.4636        29.6242
           1.64              -1         2.0468        2.35481         6.6724         7.6426        11.6093        12.9377        20.9212        21.0652        21.1896         22.014        25.4368        26.3336        27.0204        27.0915        28.2234        29.3376
           1.66              -1        2.00508        2.41415        6.51639        7.68595        11.6608        13.3012        20.6482        20.7673         20.863        21.7049        25.7351        26.6929        27.1205        27.4354        28.1255        29.0707
           1.68              -1        1.95413        2.48146        6.37136        7.73493        11.7191        13.6839        20.3803        20.4728        20.5428        21.4005         26.032        27.0195        27.0451        27.7202        28.2294        28.8693
            1.7              -1        1.89294        2.55671        6.24105        7.78941        11.7839        14.0823        20.1184        20.1843        20.2292        21.1015        26.3266        26.7972        27.3882        27.8362        28.4521        28.8412
           1.72              -1        1.82069         2.6399        6.12833        7.84925        11.8553        14.4931        19.8631         19.904        19.9225        20.8087        26.5321        26.6184        27.7206        27.7257        28.7113        29.0409
           1.74              -1        1.73687        2.73103        6.03527        7.91428         11.933        14.9128        19.6148        19.6226        19.6348        20.5227        26.2545         26.907        27.5001        28.0407        28.9727        29.3521
           1.75              -1        1.69058        2.77956        5.99654        7.94869        11.9742        15.1247        19.4753        19.4934        19.5054        20.3822        26.1147          27.05         27.371        28.1959        29.0988        29.5207
           1.75               1        1.69058        2.77956        5.99654        7.94869        11.9742        15.1247        19.4753        19.4934        19.5054        20.3822        26.1147          27.05         27.371        28.1959        29.0988        29.5207
           1.77               1        1.58935        2.88256        5.93518        8.02116        12.0612        15.5488        19.1862        19.2565        19.2605        20.1069        25.8365        27.1006        27.3334        28.4962        29.3335         29.859
           1.79               1        1.47707        2.99346        5.89546        8.09833        12.1541        15.9657        18.9042        19.0278        19.0412        19.8393        25.5625        26.8243        27.6134        28.7831        29.5307        30.1819
           1.81               1        1.35465        3.11225         5.8771        8.17994        12.2527        16.3597        18.6296        18.8077        18.8627        19.5796        25.2943        26.5479        27.8901        29.0575        29.6617        30.4762
           1.83               1        1.22326         3.2389        5.87941        8.26572        12.3568        16.7007        18.3623        18.5966         18.755        19.3281        25.0329        26.2742        28.1636        29.3205        29.6702        30.7325
           1.85               1         1.0843        3.37339        5.90137        8.35537         12.466         16.939        18.1025         18.395        18.7671        19.0853        24.7788        26.0044        28.4344        29.4858         29.574        30.9406
           1.87               1       0.939254         3.5157        5.94179        8.44853          12.58        17.0323        17.8502        18.2033        18.8514        18.9409        24.5323        25.7393        28.7029         29.108        29.8196        31.0772
           1.89               1       0.789589        3.66581        5.99942        8.54484        12.6983        16.9958        17.6055        18.0219        18.6268        19.2609        24.2939        25.4794        28.6125        28.9695        30.0592        31.0837
           1.91               1       0.636732        3.82368        6.07298        8.64387        12.8204        16.8807        17.3684        17.8513        18.4119         19.675        24.0636        25.2249        28.0619        29.2346        30.2948        30.8813
           1.93               1       0.482004        3.98929        6.16125        8.74518        12.9457        16.7266        17.1389         17.692        18.2073        20.1431        23.8416        24.9764        27.4877        29.4986        30.4951        30.5279
           1.95               1       0.326602        4.16259        6.26308        8.84825        13.0734        16.5547        16.9172        17.5445        18.0133        20.6422        23.6281        24.7347        26.9048        29.7617        30.0216        30.7599
           1.97               1       0.171592        4.34354        6.37741        8.95255        13.2026        16.3757        16.7031        17.4093        17.8308        21.1592        23.4231        24.5016        26.3209        29.5184         30.024        30.9922
           1.99               1      0.0179137        4.53209        6.50327         9.0575        13.3322        16.1955        16.4968        17.2871        17.6605        21.6828        23.2264        24.2814        25.7402        29.0097        30.2846        31.2258
           2.01               1      -0.133615        4.72817        6.63976        9.16248        13.4609        16.0172        16.2983        17.1783        17.5033        22.1962         23.038        24.0866        25.1658        28.5069        30.5406        31.4616
           2.03               1      -0.282285        4.93173        6.78604        9.26683        13.5872        15.8429        16.1076        17.0836        17.3601        22.6553        22.8569        23.9575        24.6004        28.0165        30.7802        31.7004
           2.05               1      -0.427482        5.14268        6.94133        9.36988        13.7093        15.6737        15.9247        17.0035        17.2323        22.6816        22.9337        24.0166        24.0471        27.5438        30.9335        31.6127
           2.07               1      -0.568677        5.36093        7.10487        9.47093        13.8251        15.5104        15.7497        16.9386        17.1212        22.5071          22.93        23.5124        24.3601        27.0947        30.7194        31.5537
           2.09               1      -0.705415        5.58638        7.27594        9.56928        13.9322        15.3537        15.5825        16.8895         17.028        22.3184        22.7717        23.0127        24.8491        26.6813        30.2497        31.7633
           2.11               1      -0.837302        5.81888        7.45381        9.66426        14.0284         15.204        15.4232        16.8565        16.9538        22.0667         22.557        22.5982        25.3393        26.3499        29.7415        32.0252
           2.13               1         -0.964        6.05828        7.63772        9.75523        14.1114        15.0617        15.2718        16.8403        16.8993        21.6902        22.3158         22.333        25.5412        26.3605        29.2312        31.8493
           2.15               1       -1.08522         6.3044         7.8269        9.84158        14.1794         14.927        15.1283        16.8409        16.8641        21.2369        22.0573        22.1712        25.3228        26.8362         28.727        31.3454
           2.17               1        -1.2007        6.55702         8.0205         9.9228        14.2313        14.8001        14.9927        16.8463        16.8587         20.768         21.785        22.0547        25.0256        27.4325        28.2317        30.8415
           2.19               1       -1.31022        6.81584        8.21762        9.99847        14.2669        14.6812        14.8651        16.8418        16.8935         20.307        21.5011        21.9646        24.7354        27.7468        28.0618        30.3428
           2.21               1       -1.41361        7.08052        8.41724        10.0683        14.2873        14.5707        14.7454        16.8434        16.9452        19.8657        21.2075        21.8956         24.467        27.2735         28.708        29.8515
           2.23               1       -1.51068        7.35063        8.61821         10.132         14.294        14.4685        14.6336        16.8402        17.0134        19.4547        20.9067        21.8462        24.2237        26.8127        29.3657        29.3692
           2.25               1        -1.6013        7.62562        8.81925        10.1896        14.2893        14.3749        14.5298        16.8161        17.0972        19.0879        20.6015        21.8168        24.0058        26.3654        28.8968        30.0325
           2.27               1       -1.68535        7.90477        9.01887        10.2411        14.2758        14.2901        14.4339        16.7502        17.1958        18.7832        20.2955         21.808        23.8121        25.9327        28.4353        30.7068
           2.29               1       -1.76272        8.18715        9.21538        10.2866        14.2142        14.2557         14.346        16.6222        17.3076        18.5578        19.9923         21.821        23.6412         25.516        27.9856        31.3874
           2.31               1       -1.83331        8.47155        9.40685        10.3264        14.1473        14.2311        14.2661        16.4241         17.431        18.4172        19.6957        21.8566        23.4913        25.1169        27.5485        32.0731
           2.33               1       -1.89704        8.75629        9.59108        10.3608        14.0894        14.1942        14.2036        16.1675        17.5637        18.3482        19.4099        21.9155        23.3608        24.7374        27.1254        32.7626
           2.35               1       -1.95385        9.03911        9.76559        10.3901        14.0404        14.1302        14.1745        15.8746        17.7027        18.3281         19.139        21.9978        23.2481        24.3802        26.7177        33.4544
           2.37               1       -2.00368        9.31687        9.92769        10.4147        14.0003        14.0742        14.1444        15.5677        17.8446        18.3361        18.8873        22.1026         23.152        24.0484        26.3276        34.1463
           2.39               1       -2.04647        9.58511        10.0744        10.4349        13.9684        14.0263        14.1131        15.2651        17.9848        18.3575        18.6592        22.2277        23.0714        23.7461        25.9579        34.8357
           2.41               1        -2.0822        9.83756        10.2029        10.4512        13.9444        13.9863        14.0793        14.9832         18.118        18.3832        18.4593        22.3691        23.0055        23.4784        25.6132        35.5186
           2.43               1       -2.11081        10.0654          10.31        10.4638        13.9271        13.9543        14.0407        14.7389        18.2378        18.2922        18.4079        22.5194        22.9534        23.2514        25.3008        36.1886
           2.45               1        -2.1323        10.2569        10.3931         10.473        13.9156        13.9303        13.9944          14.55        18.1622         18.337        18.4282        22.6666        22.9149         23.072        25.0325        36.8341
           2.47               1       -2.14663        10.3975        10.4499         10.479        13.9088        13.9143        13.9448        14.4289        18.0731        18.4084        18.4425         22.791        22.8894        22.9473        24.8276        37.4283
           2.49               1        -2.1538        10.4727        10.4787         10.482        13.9057        13.9063        13.9102         14.373        18.0278        18.4459        18.4498        22.8651        22.8767        22.8832        24.7134        37.8769
            2.5               1        -2.1547        10.4823        10.4823        10.4823        13.9053        13.9053        13.9053        14.3663        18.0221        18.4507        18.4507        22.8751        22.8751        22.8751        24.6984         37.954
