              0              -1       -1.00717        1.45642        6.03435        6.03435        7.38551        10.4017        10.4017        13.4951        15.3189        15.7162        15.7162          15.89        16.3157        16.3157        21.5058        21.9033
           0.02              -1       -1.01936        1.47538        6.03617        6.03617        7.38832        10.4033        10.4033        13.4994        15.1277        15.5689        15.5689        16.0886        16.4737        16.4737        21.0905        22.3262
           0.04              -1       -1.05313        1.52993        6.04236        6.04236        7.39707        10.4084        10.4084        13.5121        14.8046        15.3081        15.3081        16.4342        16.7683        16.7683        20.5764        22.8665
           0.06              -1       -1.10564         1.6172        6.05288        6.05288         7.4117        10.4165        10.4165        13.5322        14.4645        15.0311        15.0311        16.8127        17.1021        17.1021        20.0635        23.0349
           0.08              -1       -1.17308        1.73334        6.06768        6.06768        7.43212        10.4271        10.4271        13.5557        14.1293        14.7587        14.7587        17.2056        17.4548        17.4548        19.5598        22.6002
            0.1              -1       -1.25149         1.8743         6.0867         6.0867         7.4582        10.4392        10.4392        13.5564        13.8291        14.4974        14.4974        17.6066        17.8203        17.8203        19.0692        22.1759
           0.12              -1       -1.33724        2.03638        6.10984        6.10984        7.48975        10.4517        10.4517        13.3793        13.7202        14.2504        14.2504        18.0034        18.1952        18.1952         18.604        21.7638
           0.14              -1       -1.42726        2.21638        6.13699        6.13699        7.52651        10.4631        10.4631        13.0744        13.7524        14.0205        14.0205         18.063        18.4977        18.5763        18.5763        21.3665
           0.16              -1       -1.51909        2.41171        6.16799        6.16799        7.56809        10.4716        10.4716        12.7578        13.8088        13.8101        13.8101        17.6386        18.8986        18.9574        18.9574        20.9899
           0.18              -1       -1.61079        2.62028        6.20266        6.20266        7.61402        10.4749        10.4749        12.4438        13.6215        13.6215        13.8734        17.2088        19.3203        19.3203        19.3299        20.6523
            0.2              -1       -1.70086        2.84036        6.24076        6.24076        7.66359        10.4709        10.4709        12.1354        13.4573        13.4573        13.9402        16.7981         19.588         19.588        19.7698        20.4307
           0.22              -1       -1.78812        3.07058        6.28201        6.28201        7.71587        10.4573        10.4573        11.8339        13.3198        13.3198        14.0027        16.4151        19.5606        19.5606        20.2129        20.5252
           0.24              -1       -1.87167        3.30975        6.32605        6.32605        7.76952        10.4323        10.4323        11.5406        13.2109        13.2109        14.0506        16.0712         19.309         19.309        20.6454        20.8655
           0.26              -1       -1.95081        3.55687        6.37246        6.37246        7.82271        10.3947        10.3947        11.2567        13.1315        13.1315        14.0668        15.7844        19.0059        19.0059        20.9753        21.2793
           0.28              -1       -2.02496          3.811        6.42073        6.42073        7.87279        10.3447        10.3447        10.9844        13.0816        13.0816         14.028         15.579        18.6973        18.6973        20.8611        21.7212
            0.3              -1        -2.0937        4.07131        6.47023        6.47023        7.91608        10.2836        10.2836        10.7264        13.0594        13.0594        13.9158        15.4745        18.3956        18.3956        20.5337        22.1796
           0.32              -1       -2.15668        4.33695        6.52023        6.52023        7.94739        10.2136        10.2136        10.4869        13.0623        13.0623        13.7362        15.4661        18.1062        18.1062        20.1854        22.6506
           0.34              -1       -2.21361        4.60708        6.56986        6.56986        7.95979        10.1379        10.1379        10.2715        13.0865        13.0865        13.5151        15.5294        17.8321        17.8321        19.8413        23.1324
           0.36              -1       -2.26427        4.88082        6.61812        6.61812        7.94476        10.0601        10.0601        10.0873        13.1276        13.1276        13.2785        15.6395        17.5762        17.5762        19.5072        23.6238
           0.38              -1       -2.30848        5.15721        6.66387        6.66387        7.89352        9.94095        9.98375        9.98375         13.045        13.1805        13.1805        15.7797        17.3415        17.3415        19.1864        24.1244
            0.4              -1       -2.34611        5.43519        6.70585        6.70585        7.79974        9.83636         9.9123         9.9123        12.8269          13.24          13.24        15.9388        17.1314        17.1314        18.8816        24.6335
           0.42              -1       -2.37703        5.71351        6.74273        6.74273        7.66235        9.77158        9.84895        9.84895        12.6334        13.3005        13.3005        16.1081        16.9498        16.9498        18.5969        25.1503
           0.44              -1       -2.40116        5.99072        6.77319        6.77319        7.48577        9.73872        9.79647        9.79647        12.4724        13.3562        13.3562        16.2781        16.8013        16.8013         18.339        25.6735
           0.46              -1       -2.41845        6.26499        6.79598        6.79598        7.27756        9.72661         9.7572         9.7572         12.351        13.4014        13.4014        16.4345        16.6905        16.6905        18.1207        26.1998
           0.48              -1       -2.42883        6.53389        6.81011        6.81011        7.04578        9.72447         9.7329         9.7329        12.2752        13.4309        13.4309        16.5527        16.6219        16.6219        17.9657        26.7158
            0.5              -1        -2.4323        6.77672        6.81489        6.81489        6.81489        9.72467        9.72467        9.72467        12.2494        13.4412        13.4412        16.5986        16.5986        16.5986        17.9076        27.0818
            0.5               1        -2.4323        6.77672        6.81489        6.81489        6.81489        9.72467        9.72467        9.72467        12.2494        13.4412        13.4412        16.5986        16.5986        16.5986        17.9076        27.0818
           0.52               1       -2.43114        6.64665        6.81122        6.81122        6.94517        9.71905        9.73016        9.73016         12.258        13.4329        13.4426        16.5938        16.6009        16.6009        17.9275        26.9481
           0.54               1       -2.42768        6.49962        6.80029        6.80029        7.09281        9.70243        9.74655        9.74655        12.2837        13.4082        13.4468        16.5806        16.6077        16.6077        17.9857        26.7078
           0.56               1        -2.4219        6.35257        6.78238        6.78238        7.24083        9.67547        9.77357        9.77357        12.3256        13.3679        13.4538        16.5623        16.6191        16.6191        18.0783        26.4471
           0.58               1       -2.41382        6.20585        6.75788        6.75788        7.38877         9.6392         9.8108         9.8108         12.383        13.3131        13.4636        16.5429        16.6349        16.6349        18.2002        26.1814
            0.6               1       -2.40343        6.05959        6.72732        6.72732        7.53641        9.59484        9.85771        9.85771        12.4544        13.2453        13.4763        16.5256        16.6554        16.6554        18.3468        25.9149
           0.62               1       -2.39074        5.91385        6.69132        6.69132         7.6835        9.54367         9.9137         9.9137        12.5386        13.1663        13.4917         16.513        16.6803        16.6803        18.5139        25.6492
           0.64               1       -2.37574        5.76867        6.65051        6.65051        7.82979        9.48698        9.97809        9.97809        12.6344        13.0779        13.5099        16.5065        16.7099        16.7099        18.6985        25.3851
           0.66               1       -2.35845        5.62411        6.60555        6.60555        7.97495        9.42597        10.0502        10.0502        12.7405        12.9821         13.531        16.5071        16.7439        16.7439         18.898        25.1229
           0.68               1       -2.33887        5.48018        6.55708        6.55708        8.11863        9.36169        10.1295        10.1295        12.8559        12.8808        13.5548        16.5149        16.7825        16.7825        19.1104        24.8628
            0.7               1         -2.317        5.33692        6.50571        6.50571        8.26036        9.29509        10.2152        10.2152         12.776        12.9797        13.5814        16.5302        16.8256        16.8256        19.3341         24.605
           0.72               1       -2.29284        5.19434          6.452          6.452        8.39959        9.22697        10.3068        10.3068        12.6696         13.111        13.6109        16.5528        16.8733        16.8733        19.5679        24.3496
           0.74               1       -2.26641        5.05246        6.39646        6.39646        8.53567        9.15801        10.4038        10.4038        12.5635        13.2491        13.6432        16.5825        16.9255        16.9255        19.8108        24.0966
           0.76               1        -2.2377         4.9113        6.33955        6.33955        8.66776        9.08878        10.5057        10.5057        12.4594        13.3935        13.6782         16.619        16.9821        16.9821        20.0619        23.8461
           0.78               1       -2.20673        4.77088         6.2817         6.2817        8.79488        9.01979         10.612         10.612        12.3593        13.5437        13.7161         16.662        17.0433        17.0433        20.3206        23.5982
            0.8               1       -2.17351        4.63119        6.22326        6.22326        8.91582        8.95142        10.7224        10.7224        12.2653        13.6992        13.7567        16.7115        17.1089        17.1089        20.5862        23.3528
           0.82               1       -2.13803        4.49226        6.16457        6.16457        8.88404        9.02915        10.8365        10.8365        12.1793        13.8002        13.8598         16.767         17.179         17.179        20.8584        23.1102
           0.84               1       -2.10032        4.35409        6.10591        6.10591        8.81792        9.13322         10.954         10.954        12.1037        13.8465        14.0252        16.8286        17.2534        17.2534        21.1366        22.8703
           0.86               1       -2.06037        4.21669        6.04754        6.04754        8.75333        9.22615        11.0747        11.0747        12.0408        13.8955         14.195         16.896        17.3322        17.3322        21.4205        22.6332
           0.88               1       -2.01821        4.08007        5.98967        5.98967        8.69047        9.30599        11.1982        11.1982        11.9929        13.9474        14.3691         16.969        17.4152        17.4152        21.7097        22.3991
            0.9               1       -1.97383        3.94424        5.93252        5.93252        8.62952        9.37087        11.3245        11.3245        11.9623        14.0021        14.5472        17.0476        17.5022        17.5022        22.0041         22.168
           0.92               1       -1.92725        3.80921        5.87624        5.87624        8.57064        9.41925        11.4532        11.4532        11.9508        14.0596        14.7293        17.1318        17.5933        17.5933        21.9401        21.9401
           0.94               1       -1.87849        3.67498          5.821          5.821        8.51397        9.45021        11.5843        11.5843        11.9595        14.1198        14.9151        17.2213         17.688         17.688        21.7156        21.7156
           0.96               1       -1.82756        3.54158        5.76693        5.76693        8.45962        9.46367        11.7176        11.7176        11.9888        14.1829        15.1045        17.3163        17.7862        17.7862        21.4948        21.4948
           0.98               1       -1.77446          3.409        5.71414        5.71414         8.4077        9.46043        11.8529        11.8529        12.0381        14.2488        15.2973        17.4165        17.8874        17.8874        21.2781        21.2781
              1               1       -1.71921        3.27726        5.66276        5.66276         8.3583        9.44204        11.9901        11.9901        12.1059        14.3175        15.4935         17.522        17.9911        17.9911        21.0661        21.0661
           1.02               1       -1.66184        3.14638        5.61286        5.61286        8.31149        9.41056        12.1291        12.1291        12.1903        14.3889        15.6929        17.6328        18.0962        18.0962        20.8597        20.8597
           1.04               1       -1.60234        3.01636        5.56455        5.56455        8.26736        9.36824        12.2699        12.2699        12.2892        14.4632        15.8954        17.7489        18.2016        18.2016        20.6602        20.6602
           1.06               1       -1.54075        2.88723        5.51789        5.51789        8.22597        9.31729        12.4004        12.4123        12.4123        14.5403        16.1007        17.8701        18.3053        18.3053        20.4694        20.4694
           1.08               1       -1.47707        2.75899        5.47295        5.47295        8.18737        9.25973         12.522        12.5563        12.5563        14.6201        16.3087        17.9966        18.4038        18.4038        20.2808        20.2908
            1.1               1       -1.41133        2.63168        5.42979        5.42979        8.15163        9.19733        12.6523        12.7018        12.7018        14.7028         16.519        18.1282        18.4922        18.4922        20.0669        20.1293
           1.12               1       -1.34354         2.5053        5.38847        5.38847        8.11878        9.13158        12.7899        12.8487        12.8487        14.7883        16.7312        18.2651         18.562         18.562        19.8565        19.9932
           1.14               1       -1.27372        2.37989        5.34903        5.34903        8.08887        9.06372        12.9335        12.9971        12.9971        14.8765        16.9447         18.407        18.6018        18.6018          19.65        19.8941
           1.16               1       -1.20189        2.25545        5.31153        5.31153        8.06195        8.99476        13.0822        13.1468        13.1468        14.9676        17.1582        18.5541        18.5989        18.5989        19.4485        19.7206
           1.18               1       -1.12807        2.13202        5.27599        5.27599        8.03804        8.92553        13.2352        13.2979        13.2979        15.0614        17.3699        18.5473        18.5473        18.7063        19.2539        19.5353
            1.2               1       -1.05228        2.00962        5.24246        5.24246        8.01719        8.85671        13.3919        13.4504        13.4504         15.158        17.5753        18.4522        18.4522        18.8635        19.0705        19.3528
           1.22               1      -0.974556        1.88827        5.21097        5.21097        7.99943        8.78883        13.5517        13.6041        13.6041        15.2575        17.7649        18.3253        18.3253        18.9078        19.0258        19.1731
           1.24               1      -0.894906        1.76801        5.18154        5.18154        7.98478        8.72234        13.7143        13.7591        13.7591        15.3597        17.9151        18.1779        18.1779        18.7893         18.996         19.193
           1.26               1      -0.813359        1.64886         5.1542         5.1542        7.97328        8.65761        13.8792        13.9153        13.9153        15.4647        17.9791        18.0177        18.0177        18.7618        18.8218        19.3651
           1.28               1      -0.729939        1.53085        5.12898        5.12898        7.96494        8.59494        14.0462        14.0729        14.0729        15.5725          17.85          17.85        17.9287        18.6503        18.8532        19.5421
            1.3               1      -0.644671          1.414        5.10589        5.10589        7.95979        8.53457        14.2151        14.2317        14.2317        15.6831        17.6777        17.6777        17.8028        18.4815        19.0246        19.7237
           1.32               1      -0.557582        1.29836        5.08496        5.08496        7.95786        8.47669        14.3858        14.3917        14.3917        15.7965        17.5028        17.5028        17.6434        18.3155         19.234        19.9099
           1.34               1      -0.468698        1.18395        5.06619        5.06619        7.95915        8.42147         14.553         14.553         14.558        15.9126        17.3265        17.3265        17.4697        18.1523        19.4617        20.1005
           1.36               1      -0.378047         1.0708        5.04961        5.04961        7.96369        8.36905        14.7156        14.7156        14.7316        16.0316        17.1498        17.1498        17.2895        17.9918        19.6998        20.2951
           1.38               1      -0.285657       0.958944        5.03522        5.03522        7.97148        8.31954        14.8795        14.8795        14.9066        16.1533        16.9731        16.9731        17.1065        17.8341        19.9445        20.4932
            1.4               1      -0.191557       0.848417        5.02304        5.02304        7.98255        8.27302        15.0446        15.0446        15.0829        16.2779        16.7969        16.7969        16.9223        17.6792        20.1934         20.694
           1.42               1     -0.0957761       0.739251        5.01308        5.01308        7.99689        8.22957        15.2109        15.2109        15.2604        16.4052        16.6214        16.6214        16.7378         17.527        20.4447         20.896
           1.44               1     0.00165512       0.631477        5.00533        5.00533        8.01452        8.18925        15.3785        15.3785        15.4391        16.4468        16.4468        16.5352        16.5535        17.3776        20.6963        21.0956
           1.46               1       0.100706        0.52513        4.99981        4.99981        8.03542        8.15211        15.5472        15.5472        15.6189        16.2734        16.2734        16.3698        16.6681        17.2309         20.944        21.2838
           1.48               1       0.201346       0.420241        4.99652        4.99652        8.05961        8.11817        15.7166        15.7166        15.7998        16.1017        16.1017        16.1869        16.8038         17.087        21.1778        21.4324
            1.5               1       0.303544       0.316844        4.99547        4.99547        8.08706        8.08748        15.8764        15.8764        15.9419        15.9419        15.9818        16.0048        16.9422        16.9459        21.3673        21.4626
            1.5              -1       0.313446       0.316226        5.00183        5.01096        8.09096         8.0954        15.9015        15.9117        15.9413        15.9695        16.0129         16.017        16.9991        17.0561        21.3899        21.4199
           1.52              -1       0.310776       0.318743        4.98792        5.01201        8.09267        8.11963        15.6831         15.693        15.8381        15.9015        16.2325         16.266        17.0718        17.1205        21.3031        21.3963
           1.54              -1       0.303996       0.326815        4.95133        5.01683        8.09842        8.18699        15.4403        15.4464        15.6917        15.7817        16.4758        16.5252        17.2211        17.2395         21.107        21.4135
           1.56              -1       0.293006       0.340443         4.8955        5.02541        8.10819        8.29413         15.191         15.212        15.5073        15.6322         16.722        16.7864        17.3911        17.4119        20.8807        21.4413
           1.58              -1       0.277651       0.359622        4.82505        5.03771        8.12192        8.43658        14.9456        14.9812        15.3049        15.4673        16.9697        17.0489        17.5609        17.6239        20.6444        21.4525
            1.6              -1       0.257727       0.384352        4.74492         5.0537        8.13956        8.60958        14.7044        14.7544        15.0943        15.2947        17.2179        17.3116         17.741        17.8469        20.4059         21.222
           1.62              -1       0.233001       0.414629        4.65973        5.07334        8.16103        8.80872        14.4675        14.5322        14.8806        15.1191        17.4659        17.5736        17.9269        18.0755        20.1686        20.9878
           1.64              -1       0.203226        0.45045        4.57351        5.09655        8.18622        9.03019        14.2352        14.3146        14.6664         14.943        17.7129        17.8334        18.1158        18.3064        19.9346        20.7555
           1.66              -1       0.168167        0.49181        4.48958        5.12326        8.21501        9.27087        14.0076        14.1021        14.4534         14.768        17.9576         18.089        18.3062        18.5374        19.7049        20.5276
           1.68              -1       0.127619       0.538704        4.41061        5.15341        8.24726        9.52823        13.7848        13.8949        14.2426        14.5955        18.1986        18.3376        18.4967        18.7669        19.4809        20.3067
            1.7              -1      0.0814358       0.591128        4.33869        5.18688        8.28277        9.80026        13.5671        13.6933        14.0347        14.4262        18.4325         18.574        18.6868        18.9936        19.2654        20.0974
           1.72              -1      0.0295514       0.649074        4.27544        5.22358        8.32134        10.0853        13.3545        13.4975        13.8301        14.2608        18.6461        18.7874        18.8757        19.0709        19.2165        19.9094
           1.74              -1     -0.0280049       0.712536        4.22203        5.26339        8.36271        10.3821        13.1472        13.3079        13.6293        14.0999        18.7263        18.9511        19.0099        19.0631        19.4348        19.7687
           1.75              -1     -0.0588715       0.746333        4.19928        5.28441        8.38436        10.5345        13.0456        13.2155        13.5304        14.0212        18.6623         18.997        19.0831        19.1562        19.5421        19.7329
           1.75               1     -0.0588715       0.746333        4.19928        5.28441        8.38436        10.5345        13.0456        13.2155        13.5304        14.0212        18.6623         18.997        19.0831        19.1562        19.5421        19.7329
           1.77               1      -0.124644       0.818053        4.16207        5.32861        8.42936        10.8466        12.8468        13.0357        13.3358        13.8678        18.4796        18.9846        19.2826        19.3411        19.7527        19.7624
           1.79               1      -0.195542       0.895267        4.13617        5.37555        8.47632        11.1674        12.6543        12.8629        13.1454        13.7199        18.2856        18.8638        19.4897        19.5243        19.8954         19.958
           1.81               1      -0.271164       0.977965        4.12172        5.42505        8.52478        11.4945        12.4698        12.6974        12.9596         13.578        18.0925        18.6962         19.688        19.7057        20.0695         20.158
           1.83               1      -0.351028        1.06613        4.11866        5.47691        8.57422        11.8187        12.3023        12.5397        12.7784        13.4423        17.9023         18.512        19.8628        19.8855        20.2543         20.353
           1.85               1      -0.434587        1.15976        4.12677        5.53094        8.62404        12.0148        12.2763        12.3903         12.602        13.3132        17.7157        18.3218        19.9592        20.0639        20.4388        20.5436
           1.87               1      -0.521249        1.25883        4.14573         5.5869        8.67354        11.8972        12.2498        12.4304         12.577         13.191        17.5324          18.13        19.8145         20.241        20.5451        20.6179
           1.89               1      -0.610401        1.36334        4.17512        5.64454         8.7219        11.7392        12.1186        12.2637         12.931         13.076         17.352        17.9385        19.4712        20.4169        20.6571         20.788
           1.91               1      -0.701426        1.47325        4.21446         5.7036        8.76823         11.581        11.9975         12.102        12.9687        13.2973        17.1735         17.748        19.0833        20.5918        20.8216         20.942
           1.93               1      -0.793719        1.58855        4.26324         5.7638        8.81151        11.4267        11.8872        11.9453        12.8692        13.6712        16.9955        17.5593        18.6927        20.7656         20.999        21.0582
           1.95               1      -0.886698        1.70922        4.32093        5.82482        8.85066        11.2775        11.7883        11.7938         12.778        14.0509        16.8157        17.3728        18.3121        20.9379        21.0642        21.1801
           1.97               1      -0.979812        1.83523          4.387        5.88637        8.88455        11.1338        11.6474        11.7015        12.6953        14.4345        16.6304        17.1894        17.9487         20.879        21.1079        21.3621
           1.99               1       -1.07255        1.96656        4.46091        5.94809        8.91206        10.9958        11.5062        11.6272        12.6215        14.8189        16.4346        17.0111        17.6096        20.5895        21.2737        21.5439
           2.01               1       -1.16443        2.10317        4.54212        6.00966        8.93218        10.8637        11.3702        11.5657        12.5569        15.1977        16.2221        16.8434        17.3025        20.2763        21.4308        21.7249
           2.03               1       -1.25502        2.24503         4.6301        6.07071        8.94405        10.7375        11.2394        11.5168        12.5018        15.5529        15.9876        16.7029        17.0342        19.9648        21.5682        21.9042
           2.05               1       -1.34394         2.3921        4.72431         6.1309         8.9471        10.6176         11.114          11.48        12.4565        15.7298        15.8254        16.6472        16.8072        19.6643        21.6562          22.08
           2.07               1       -1.43082        2.54434         4.8242        6.18987        8.94106        10.5038        10.9939        11.4538        12.4212        15.4539        15.8998        16.6183        16.7891        19.3803        21.6288        22.2485
           2.09               1       -1.51534        2.70168        4.92923        6.24728        8.92597        10.3965        10.8791        11.4362        12.3962        15.1682        15.8015        16.4611         17.099        19.1186        21.4442        22.3995
           2.11               1       -1.59722        2.86409        5.03881         6.3028         8.9022        10.2957        10.7696        11.4243        12.3816         14.882        15.6362        16.3291        17.4605        18.8909        21.1635        22.5048
           2.13               1        -1.6762        3.03148        5.15235        6.35613        8.87032        10.2017        10.6656         11.414        12.3777        14.6034        15.4446        16.2175        17.7969        18.7334         20.847        22.4967
           2.15               1       -1.75205        3.20379        5.26921        6.40699        8.83098        10.1145        10.5669        11.4005        12.3844        14.3398        15.2394        16.1231        17.9791        18.7635        20.5197        22.3237
           2.17               1       -1.82456        3.38093        5.38869        6.45514        8.78486        10.0344        10.4737        11.3782        12.4017        14.0981        15.0257        16.0442        17.9335          19.05        20.1915        22.0492
           2.19               1       -1.89357        3.56279        5.51004        6.50038        8.73252        9.96163        10.3858        11.3406        12.4296        13.8848        14.8061        15.9798        17.7979        19.4528        19.8668         21.738
           2.21               1       -1.95889        3.74927        5.63245        6.54255        8.67433        9.89637        10.3034        11.2821        12.4678        13.7056        14.5827        15.9296        17.6472         19.548        19.8956        21.4158
           2.23               1        -2.0204        3.94022          5.755        6.58155        8.61039        9.83888        10.2265        11.1985        12.5159        13.5643        14.3572        15.8938        17.5009        19.2368        20.3576        21.0926
           2.25               1       -2.07797        4.13549        5.87668        6.61731        8.54053         9.7894         10.155        11.0889        12.5734        13.4614        14.1316        15.8726        17.3647        18.9342        20.7725         20.832
           2.27               1       -2.13148         4.3349        5.99641        6.64982         8.4642        9.74815         10.089        10.9563        12.6397        13.3941        13.9078        15.8665        17.2403        18.6416        20.4579         21.316
           2.29               1       -2.18083        4.53821        6.11296         6.6791         8.3805        9.71529        10.0284        10.8067        12.7139        13.3563        13.6877        15.8761         17.128          18.36        20.1502        21.8082
           2.31               1       -2.22595        4.74516        6.22505         6.7052         8.2882         9.6909        9.97339        10.6476        12.7947        13.3411        13.4733        15.9019        17.0277        18.0907        19.8508        22.3077
           2.33               1       -2.26675        4.95545        6.33129        6.72821        8.18582        9.67487        9.92381        10.4867        12.8808        13.2671        13.3416        15.9439         16.939        17.8352        19.5607        22.8141
           2.35               1       -2.30316        5.16869        6.43027        6.74824        8.07176        9.66687        9.87973        10.3311        12.9703        13.0714        13.3519        16.0019        16.8615        17.5954        19.2811         23.327
           2.37               1       -2.33515        5.38443        6.52055        6.76541        7.94457        9.66624        9.84115        10.1867        12.8889         13.061        13.3675        16.0752        16.7946        17.3734        19.0138         23.846
           2.39               1       -2.36264        5.60211        6.60077        6.77983        7.80325        9.67185        9.80808        10.0581        12.7226        13.1501         13.385        16.1618        16.7381         17.172        18.7608        24.3707
           2.41               1       -2.38562        5.82105        6.66966        6.79163        7.64749         9.6821        9.78051        9.94854        12.5758        13.2341         13.402        16.2588        16.6915        16.9945        18.5256        24.9005
           2.43               1       -2.40403        6.04042        6.72612        6.80093        7.47781        9.69488        9.75845        9.86009        12.4521        13.3091        13.4168        16.3611        16.6546        16.8448         18.313        25.4345
           2.45               1       -2.41787        6.25919        6.76925        6.80781        7.29548        9.70773        9.74191        9.79365         12.355        13.3709        13.4285        16.4603        16.6271        16.7271        18.1315          25.97
           2.47               1        -2.4271        6.47608        6.79838        6.81235        7.10237        9.71811        9.73088        9.74946         12.288        13.4151        13.4366        16.5432        16.6089        16.6456        17.9938        26.4984
           2.49               1       -2.43172        6.68884        6.81305        6.81461        6.90132        9.72391        9.72536        9.72742        12.2537        13.4383        13.4407        16.5921        16.5998        16.6039        17.9175          26.97
            2.5               1        -2.4323        6.77672        6.81489        6.81489        6.81489        9.72467        9.72467        9.72467        12.2494        13.4412        13.4412        16.5986        16.5986        16.5986        17.9076        27.0818
